#format table ## [Custom WaveView] saved 18:10:29 Sat Sep 21 2019
TIME /M0/D Vdrain 
 0.000E+00  2.178E-05  1.800E+00 
 1.000E-10  2.177E-05  1.798E+00 
 2.000E-10  2.177E-05  1.796E+00 
 3.000E-10  2.177E-05  1.793E+00 
 4.000E-10  2.176E-05  1.791E+00 
 5.000E-10  2.176E-05  1.789E+00 
 6.000E-10  2.176E-05  1.787E+00 
 7.000E-10  2.176E-05  1.785E+00 
 8.000E-10  2.176E-05  1.783E+00 
 9.000E-10  2.175E-05  1.780E+00 
 1.000E-09  2.175E-05  1.778E+00 
 1.100E-09  2.175E-05  1.776E+00 
 1.200E-09  2.175E-05  1.774E+00 
 1.300E-09  2.175E-05  1.772E+00 
 1.400E-09  2.174E-05  1.770E+00 
 1.500E-09  2.174E-05  1.767E+00 
 1.600E-09  2.174E-05  1.765E+00 
 1.700E-09  2.174E-05  1.763E+00 
 1.800E-09  2.174E-05  1.761E+00 
 1.900E-09  2.173E-05  1.759E+00 
 2.000E-09  2.173E-05  1.757E+00 
 2.100E-09  2.173E-05  1.754E+00 
 2.200E-09  2.173E-05  1.752E+00 
 2.300E-09  2.173E-05  1.750E+00 
 2.400E-09  2.172E-05  1.748E+00 
 2.500E-09  2.172E-05  1.746E+00 
 2.600E-09  2.172E-05  1.743E+00 
 2.700E-09  2.172E-05  1.741E+00 
 2.800E-09  2.172E-05  1.739E+00 
 2.900E-09  2.171E-05  1.737E+00 
 3.000E-09  2.171E-05  1.735E+00 
 3.100E-09  2.171E-05  1.733E+00 
 3.200E-09  2.171E-05  1.730E+00 
 3.300E-09  2.171E-05  1.728E+00 
 3.400E-09  2.171E-05  1.726E+00 
 3.500E-09  2.170E-05  1.724E+00 
 3.600E-09  2.170E-05  1.722E+00 
 3.700E-09  2.170E-05  1.720E+00 
 3.800E-09  2.170E-05  1.717E+00 
 3.900E-09  2.170E-05  1.715E+00 
 4.000E-09  2.169E-05  1.713E+00 
 4.100E-09  2.169E-05  1.711E+00 
 4.200E-09  2.169E-05  1.709E+00 
 4.300E-09  2.169E-05  1.707E+00 
 4.400E-09  2.169E-05  1.704E+00 
 4.500E-09  2.168E-05  1.702E+00 
 4.600E-09  2.168E-05  1.700E+00 
 4.700E-09  2.168E-05  1.698E+00 
 4.800E-09  2.168E-05  1.696E+00 
 4.900E-09  2.168E-05  1.694E+00 
 5.000E-09  2.167E-05  1.691E+00 
 5.100E-09  2.167E-05  1.689E+00 
 5.200E-09  2.167E-05  1.687E+00 
 5.300E-09  2.167E-05  1.685E+00 
 5.400E-09  2.167E-05  1.683E+00 
 5.500E-09  2.166E-05  1.681E+00 
 5.600E-09  2.166E-05  1.678E+00 
 5.700E-09  2.166E-05  1.676E+00 
 5.800E-09  2.166E-05  1.674E+00 
 5.900E-09  2.166E-05  1.672E+00 
 6.000E-09  2.165E-05  1.670E+00 
 6.100E-09  2.165E-05  1.668E+00 
 6.200E-09  2.165E-05  1.665E+00 
 6.300E-09  2.165E-05  1.663E+00 
 6.400E-09  2.165E-05  1.661E+00 
 6.500E-09  2.164E-05  1.659E+00 
 6.600E-09  2.164E-05  1.657E+00 
 6.700E-09  2.164E-05  1.655E+00 
 6.800E-09  2.164E-05  1.653E+00 
 6.900E-09  2.164E-05  1.650E+00 
 7.000E-09  2.163E-05  1.648E+00 
 7.100E-09  2.163E-05  1.646E+00 
 7.200E-09  2.163E-05  1.644E+00 
 7.300E-09  2.163E-05  1.642E+00 
 7.400E-09  2.163E-05  1.640E+00 
 7.500E-09  2.162E-05  1.637E+00 
 7.600E-09  2.162E-05  1.635E+00 
 7.700E-09  2.162E-05  1.633E+00 
 7.800E-09  2.162E-05  1.631E+00 
 7.900E-09  2.161E-05  1.629E+00 
 8.000E-09  2.161E-05  1.627E+00 
 8.100E-09  2.161E-05  1.624E+00 
 8.200E-09  2.161E-05  1.622E+00 
 8.300E-09  2.161E-05  1.620E+00 
 8.400E-09  2.160E-05  1.618E+00 
 8.500E-09  2.160E-05  1.616E+00 
 8.600E-09  2.160E-05  1.614E+00 
 8.700E-09  2.160E-05  1.611E+00 
 8.800E-09  2.160E-05  1.609E+00 
 8.900E-09  2.159E-05  1.607E+00 
 9.000E-09  2.159E-05  1.605E+00 
 9.100E-09  2.159E-05  1.603E+00 
 9.200E-09  2.159E-05  1.601E+00 
 9.300E-09  2.159E-05  1.599E+00 
 9.400E-09  2.158E-05  1.596E+00 
 9.500E-09  2.158E-05  1.594E+00 
 9.600E-09  2.158E-05  1.592E+00 
 9.700E-09  2.158E-05  1.590E+00 
 9.800E-09  2.158E-05  1.588E+00 
 9.900E-09  2.157E-05  1.586E+00 
 1.000E-08  2.157E-05  1.583E+00 
 1.010E-08  2.157E-05  1.581E+00 
 1.020E-08  2.157E-05  1.579E+00 
 1.030E-08  2.157E-05  1.577E+00 
 1.040E-08  2.156E-05  1.575E+00 
 1.050E-08  2.156E-05  1.573E+00 
 1.060E-08  2.156E-05  1.570E+00 
 1.070E-08  2.156E-05  1.568E+00 
 1.080E-08  2.156E-05  1.566E+00 
 1.090E-08  2.155E-05  1.564E+00 
 1.100E-08  2.155E-05  1.562E+00 
 1.110E-08  2.155E-05  1.560E+00 
 1.120E-08  2.155E-05  1.557E+00 
 1.130E-08  2.155E-05  1.555E+00 
 1.140E-08  2.154E-05  1.553E+00 
 1.150E-08  2.154E-05  1.551E+00 
 1.160E-08  2.154E-05  1.549E+00 
 1.170E-08  2.154E-05  1.547E+00 
 1.180E-08  2.154E-05  1.545E+00 
 1.190E-08  2.153E-05  1.542E+00 
 1.200E-08  2.153E-05  1.540E+00 
 1.210E-08  2.153E-05  1.538E+00 
 1.220E-08  2.153E-05  1.536E+00 
 1.230E-08  2.153E-05  1.534E+00 
 1.240E-08  2.152E-05  1.532E+00 
 1.250E-08  2.152E-05  1.529E+00 
 1.260E-08  2.152E-05  1.527E+00 
 1.270E-08  2.152E-05  1.525E+00 
 1.280E-08  2.151E-05  1.523E+00 
 1.290E-08  2.151E-05  1.521E+00 
 1.300E-08  2.151E-05  1.519E+00 
 1.310E-08  2.151E-05  1.517E+00 
 1.320E-08  2.151E-05  1.514E+00 
 1.330E-08  2.150E-05  1.512E+00 
 1.340E-08  2.150E-05  1.510E+00 
 1.350E-08  2.150E-05  1.508E+00 
 1.360E-08  2.150E-05  1.506E+00 
 1.370E-08  2.149E-05  1.504E+00 
 1.380E-08  2.149E-05  1.502E+00 
 1.390E-08  2.149E-05  1.499E+00 
 1.400E-08  2.149E-05  1.497E+00 
 1.410E-08  2.149E-05  1.495E+00 
 1.420E-08  2.148E-05  1.493E+00 
 1.430E-08  2.148E-05  1.491E+00 
 1.440E-08  2.148E-05  1.489E+00 
 1.450E-08  2.148E-05  1.487E+00 
 1.460E-08  2.147E-05  1.484E+00 
 1.470E-08  2.147E-05  1.482E+00 
 1.480E-08  2.147E-05  1.480E+00 
 1.490E-08  2.147E-05  1.478E+00 
 1.500E-08  2.147E-05  1.476E+00 
 1.510E-08  2.146E-05  1.474E+00 
 1.520E-08  2.146E-05  1.472E+00 
 1.530E-08  2.146E-05  1.469E+00 
 1.540E-08  2.146E-05  1.467E+00 
 1.550E-08  2.145E-05  1.465E+00 
 1.560E-08  2.145E-05  1.463E+00 
 1.570E-08  2.145E-05  1.461E+00 
 1.580E-08  2.145E-05  1.459E+00 
 1.590E-08  2.145E-05  1.457E+00 
 1.600E-08  2.144E-05  1.454E+00 
 1.610E-08  2.144E-05  1.452E+00 
 1.620E-08  2.144E-05  1.450E+00 
 1.630E-08  2.144E-05  1.448E+00 
 1.640E-08  2.143E-05  1.446E+00 
 1.650E-08  2.143E-05  1.444E+00 
 1.660E-08  2.143E-05  1.442E+00 
 1.670E-08  2.143E-05  1.439E+00 
 1.680E-08  2.143E-05  1.437E+00 
 1.690E-08  2.142E-05  1.435E+00 
 1.700E-08  2.142E-05  1.433E+00 
 1.710E-08  2.142E-05  1.431E+00 
 1.720E-08  2.142E-05  1.429E+00 
 1.730E-08  2.141E-05  1.427E+00 
 1.740E-08  2.141E-05  1.424E+00 
 1.750E-08  2.141E-05  1.422E+00 
 1.760E-08  2.141E-05  1.420E+00 
 1.770E-08  2.140E-05  1.418E+00 
 1.780E-08  2.140E-05  1.416E+00 
 1.790E-08  2.140E-05  1.414E+00 
 1.800E-08  2.140E-05  1.411E+00 
 1.810E-08  2.140E-05  1.409E+00 
 1.820E-08  2.139E-05  1.407E+00 
 1.830E-08  2.139E-05  1.405E+00 
 1.840E-08  2.139E-05  1.403E+00 
 1.850E-08  2.139E-05  1.401E+00 
 1.860E-08  2.138E-05  1.399E+00 
 1.870E-08  2.138E-05  1.396E+00 
 1.880E-08  2.138E-05  1.394E+00 
 1.890E-08  2.138E-05  1.392E+00 
 1.900E-08  2.138E-05  1.390E+00 
 1.910E-08  2.137E-05  1.388E+00 
 1.920E-08  2.137E-05  1.386E+00 
 1.930E-08  2.137E-05  1.384E+00 
 1.940E-08  2.137E-05  1.381E+00 
 1.950E-08  2.136E-05  1.379E+00 
 1.960E-08  2.136E-05  1.377E+00 
 1.970E-08  2.136E-05  1.375E+00 
 1.980E-08  2.136E-05  1.373E+00 
 1.990E-08  2.136E-05  1.371E+00 
 2.000E-08  2.135E-05  1.369E+00 
 2.010E-08  2.135E-05  1.366E+00 
 2.020E-08  2.135E-05  1.364E+00 
 2.030E-08  2.135E-05  1.362E+00 
 2.040E-08  2.134E-05  1.360E+00 
 2.050E-08  2.134E-05  1.358E+00 
 2.060E-08  2.134E-05  1.356E+00 
 2.070E-08  2.134E-05  1.354E+00 
 2.080E-08  2.133E-05  1.352E+00 
 2.090E-08  2.133E-05  1.349E+00 
 2.100E-08  2.133E-05  1.347E+00 
 2.110E-08  2.133E-05  1.345E+00 
 2.120E-08  2.132E-05  1.343E+00 
 2.130E-08  2.132E-05  1.341E+00 
 2.140E-08  2.132E-05  1.339E+00 
 2.150E-08  2.132E-05  1.337E+00 
 2.160E-08  2.131E-05  1.335E+00 
 2.170E-08  2.131E-05  1.332E+00 
 2.180E-08  2.131E-05  1.330E+00 
 2.190E-08  2.130E-05  1.328E+00 
 2.200E-08  2.130E-05  1.326E+00 
 2.210E-08  2.130E-05  1.324E+00 
 2.220E-08  2.130E-05  1.322E+00 
 2.230E-08  2.129E-05  1.320E+00 
 2.240E-08  2.129E-05  1.318E+00 
 2.250E-08  2.129E-05  1.315E+00 
 2.260E-08  2.129E-05  1.313E+00 
 2.270E-08  2.128E-05  1.311E+00 
 2.280E-08  2.128E-05  1.309E+00 
 2.290E-08  2.128E-05  1.307E+00 
 2.300E-08  2.128E-05  1.305E+00 
 2.310E-08  2.127E-05  1.303E+00 
 2.320E-08  2.127E-05  1.301E+00 
 2.330E-08  2.127E-05  1.298E+00 
 2.340E-08  2.127E-05  1.296E+00 
 2.350E-08  2.126E-05  1.294E+00 
 2.360E-08  2.126E-05  1.292E+00 
 2.370E-08  2.126E-05  1.290E+00 
 2.380E-08  2.126E-05  1.288E+00 
 2.390E-08  2.125E-05  1.286E+00 
 2.400E-08  2.125E-05  1.284E+00 
 2.410E-08  2.125E-05  1.281E+00 
 2.420E-08  2.125E-05  1.279E+00 
 2.430E-08  2.124E-05  1.277E+00 
 2.440E-08  2.124E-05  1.275E+00 
 2.450E-08  2.124E-05  1.273E+00 
 2.460E-08  2.124E-05  1.271E+00 
 2.470E-08  2.123E-05  1.269E+00 
 2.480E-08  2.123E-05  1.267E+00 
 2.490E-08  2.123E-05  1.264E+00 
 2.500E-08  2.123E-05  1.262E+00 
 2.510E-08  2.122E-05  1.260E+00 
 2.520E-08  2.122E-05  1.258E+00 
 2.530E-08  2.122E-05  1.256E+00 
 2.540E-08  2.122E-05  1.254E+00 
 2.550E-08  2.121E-05  1.252E+00 
 2.560E-08  2.121E-05  1.250E+00 
 2.570E-08  2.121E-05  1.247E+00 
 2.580E-08  2.120E-05  1.245E+00 
 2.590E-08  2.120E-05  1.243E+00 
 2.600E-08  2.120E-05  1.241E+00 
 2.610E-08  2.120E-05  1.239E+00 
 2.620E-08  2.119E-05  1.237E+00 
 2.630E-08  2.119E-05  1.235E+00 
 2.640E-08  2.119E-05  1.233E+00 
 2.650E-08  2.119E-05  1.230E+00 
 2.660E-08  2.118E-05  1.228E+00 
 2.670E-08  2.118E-05  1.226E+00 
 2.680E-08  2.118E-05  1.224E+00 
 2.690E-08  2.118E-05  1.222E+00 
 2.700E-08  2.117E-05  1.220E+00 
 2.710E-08  2.117E-05  1.218E+00 
 2.720E-08  2.117E-05  1.216E+00 
 2.730E-08  2.117E-05  1.213E+00 
 2.740E-08  2.116E-05  1.211E+00 
 2.750E-08  2.116E-05  1.209E+00 
 2.760E-08  2.116E-05  1.207E+00 
 2.770E-08  2.116E-05  1.205E+00 
 2.780E-08  2.115E-05  1.203E+00 
 2.790E-08  2.115E-05  1.201E+00 
 2.800E-08  2.115E-05  1.199E+00 
 2.810E-08  2.114E-05  1.197E+00 
 2.820E-08  2.114E-05  1.194E+00 
 2.830E-08  2.114E-05  1.192E+00 
 2.840E-08  2.113E-05  1.190E+00 
 2.850E-08  2.113E-05  1.188E+00 
 2.860E-08  2.113E-05  1.186E+00 
 2.870E-08  2.112E-05  1.184E+00 
 2.880E-08  2.112E-05  1.182E+00 
 2.890E-08  2.112E-05  1.180E+00 
 2.900E-08  2.112E-05  1.178E+00 
 2.910E-08  2.111E-05  1.176E+00 
 2.920E-08  2.111E-05  1.173E+00 
 2.930E-08  2.111E-05  1.171E+00 
 2.940E-08  2.110E-05  1.169E+00 
 2.950E-08  2.110E-05  1.167E+00 
 2.960E-08  2.110E-05  1.165E+00 
 2.970E-08  2.109E-05  1.163E+00 
 2.980E-08  2.109E-05  1.161E+00 
 2.990E-08  2.109E-05  1.159E+00 
 3.000E-08  2.109E-05  1.157E+00 
 3.010E-08  2.108E-05  1.154E+00 
 3.020E-08  2.108E-05  1.152E+00 
 3.030E-08  2.108E-05  1.150E+00 
 3.040E-08  2.107E-05  1.148E+00 
 3.050E-08  2.107E-05  1.146E+00 
 3.060E-08  2.107E-05  1.144E+00 
 3.070E-08  2.106E-05  1.142E+00 
 3.080E-08  2.106E-05  1.140E+00 
 3.090E-08  2.106E-05  1.138E+00 
 3.100E-08  2.106E-05  1.136E+00 
 3.110E-08  2.105E-05  1.133E+00 
 3.120E-08  2.105E-05  1.131E+00 
 3.130E-08  2.105E-05  1.129E+00 
 3.140E-08  2.104E-05  1.127E+00 
 3.150E-08  2.104E-05  1.125E+00 
 3.160E-08  2.104E-05  1.123E+00 
 3.170E-08  2.103E-05  1.121E+00 
 3.180E-08  2.103E-05  1.119E+00 
 3.190E-08  2.103E-05  1.117E+00 
 3.200E-08  2.102E-05  1.114E+00 
 3.210E-08  2.102E-05  1.112E+00 
 3.220E-08  2.102E-05  1.110E+00 
 3.230E-08  2.102E-05  1.108E+00 
 3.240E-08  2.101E-05  1.106E+00 
 3.250E-08  2.101E-05  1.104E+00 
 3.260E-08  2.101E-05  1.102E+00 
 3.270E-08  2.100E-05  1.100E+00 
 3.280E-08  2.100E-05  1.098E+00 
 3.290E-08  2.100E-05  1.096E+00 
 3.300E-08  2.099E-05  1.093E+00 
 3.310E-08  2.099E-05  1.091E+00 
 3.320E-08  2.099E-05  1.089E+00 
 3.330E-08  2.099E-05  1.087E+00 
 3.340E-08  2.098E-05  1.085E+00 
 3.350E-08  2.098E-05  1.083E+00 
 3.360E-08  2.098E-05  1.081E+00 
 3.370E-08  2.097E-05  1.079E+00 
 3.380E-08  2.097E-05  1.077E+00 
 3.390E-08  2.097E-05  1.074E+00 
 3.400E-08  2.096E-05  1.072E+00 
 3.410E-08  2.096E-05  1.070E+00 
 3.420E-08  2.096E-05  1.068E+00 
 3.430E-08  2.096E-05  1.066E+00 
 3.440E-08  2.095E-05  1.064E+00 
 3.450E-08  2.095E-05  1.062E+00 
 3.460E-08  2.095E-05  1.060E+00 
 3.470E-08  2.094E-05  1.058E+00 
 3.480E-08  2.094E-05  1.056E+00 
 3.490E-08  2.094E-05  1.053E+00 
 3.500E-08  2.093E-05  1.051E+00 
 3.510E-08  2.093E-05  1.049E+00 
 3.520E-08  2.093E-05  1.047E+00 
 3.530E-08  2.092E-05  1.045E+00 
 3.540E-08  2.092E-05  1.043E+00 
 3.550E-08  2.092E-05  1.041E+00 
 3.560E-08  2.091E-05  1.039E+00 
 3.570E-08  2.091E-05  1.037E+00 
 3.580E-08  2.090E-05  1.035E+00 
 3.590E-08  2.090E-05  1.033E+00 
 3.600E-08  2.090E-05  1.031E+00 
 3.610E-08  2.089E-05  1.028E+00 
 3.620E-08  2.089E-05  1.026E+00 
 3.630E-08  2.089E-05  1.024E+00 
 3.640E-08  2.088E-05  1.022E+00 
 3.650E-08  2.088E-05  1.020E+00 
 3.660E-08  2.087E-05  1.018E+00 
 3.670E-08  2.087E-05  1.016E+00 
 3.680E-08  2.087E-05  1.014E+00 
 3.690E-08  2.086E-05  1.012E+00 
 3.700E-08  2.086E-05  1.010E+00 
 3.710E-08  2.086E-05  1.008E+00 
 3.720E-08  2.085E-05  1.006E+00 
 3.730E-08  2.085E-05  1.004E+00 
 3.740E-08  2.084E-05  1.001E+00 
 3.750E-08  2.084E-05  9.994E-01 
 3.760E-08  2.084E-05  9.973E-01 
 3.770E-08  2.083E-05  9.952E-01 
 3.780E-08  2.083E-05  9.931E-01 
 3.790E-08  2.083E-05  9.910E-01 
 3.800E-08  2.082E-05  9.890E-01 
 3.810E-08  2.082E-05  9.869E-01 
 3.820E-08  2.081E-05  9.848E-01 
 3.830E-08  2.081E-05  9.827E-01 
 3.840E-08  2.081E-05  9.806E-01 
 3.850E-08  2.080E-05  9.786E-01 
 3.860E-08  2.080E-05  9.765E-01 
 3.870E-08  2.080E-05  9.744E-01 
 3.880E-08  2.079E-05  9.723E-01 
 3.890E-08  2.079E-05  9.702E-01 
 3.900E-08  2.078E-05  9.682E-01 
 3.910E-08  2.078E-05  9.661E-01 
 3.920E-08  2.078E-05  9.640E-01 
 3.930E-08  2.077E-05  9.619E-01 
 3.940E-08  2.077E-05  9.598E-01 
 3.950E-08  2.077E-05  9.578E-01 
 3.960E-08  2.076E-05  9.557E-01 
 3.970E-08  2.076E-05  9.536E-01 
 3.980E-08  2.075E-05  9.515E-01 
 3.990E-08  2.075E-05  9.494E-01 
 4.000E-08  2.075E-05  9.474E-01 
 4.010E-08  2.074E-05  9.453E-01 
 4.020E-08  2.074E-05  9.432E-01 
 4.030E-08  2.074E-05  9.411E-01 
 4.040E-08  2.073E-05  9.390E-01 
 4.050E-08  2.073E-05  9.370E-01 
 4.060E-08  2.072E-05  9.349E-01 
 4.070E-08  2.072E-05  9.328E-01 
 4.080E-08  2.072E-05  9.307E-01 
 4.090E-08  2.071E-05  9.287E-01 
 4.100E-08  2.071E-05  9.266E-01 
 4.110E-08  2.071E-05  9.245E-01 
 4.120E-08  2.070E-05  9.224E-01 
 4.130E-08  2.070E-05  9.203E-01 
 4.140E-08  2.069E-05  9.183E-01 
 4.150E-08  2.069E-05  9.162E-01 
 4.160E-08  2.069E-05  9.141E-01 
 4.170E-08  2.068E-05  9.120E-01 
 4.180E-08  2.068E-05  9.099E-01 
 4.190E-08  2.068E-05  9.079E-01 
 4.200E-08  2.067E-05  9.058E-01 
 4.210E-08  2.067E-05  9.037E-01 
 4.220E-08  2.066E-05  9.016E-01 
 4.230E-08  2.066E-05  8.995E-01 
 4.240E-08  2.066E-05  8.975E-01 
 4.250E-08  2.065E-05  8.954E-01 
 4.260E-08  2.065E-05  8.933E-01 
 4.270E-08  2.064E-05  8.913E-01 
 4.280E-08  2.064E-05  8.892E-01 
 4.290E-08  2.063E-05  8.872E-01 
 4.300E-08  2.063E-05  8.851E-01 
 4.310E-08  2.062E-05  8.831E-01 
 4.320E-08  2.062E-05  8.811E-01 
 4.330E-08  2.061E-05  8.790E-01 
 4.340E-08  2.061E-05  8.770E-01 
 4.350E-08  2.060E-05  8.749E-01 
 4.360E-08  2.060E-05  8.729E-01 
 4.370E-08  2.059E-05  8.708E-01 
 4.380E-08  2.059E-05  8.688E-01 
 4.390E-08  2.058E-05  8.667E-01 
 4.400E-08  2.058E-05  8.647E-01 
 4.410E-08  2.057E-05  8.626E-01 
 4.420E-08  2.057E-05  8.606E-01 
 4.430E-08  2.057E-05  8.585E-01 
 4.440E-08  2.056E-05  8.565E-01 
 4.450E-08  2.056E-05  8.544E-01 
 4.460E-08  2.055E-05  8.524E-01 
 4.470E-08  2.055E-05  8.504E-01 
 4.480E-08  2.054E-05  8.483E-01 
 4.490E-08  2.054E-05  8.463E-01 
 4.500E-08  2.053E-05  8.442E-01 
 4.510E-08  2.053E-05  8.422E-01 
 4.520E-08  2.052E-05  8.401E-01 
 4.530E-08  2.052E-05  8.381E-01 
 4.540E-08  2.051E-05  8.360E-01 
 4.550E-08  2.051E-05  8.340E-01 
 4.560E-08  2.050E-05  8.319E-01 
 4.570E-08  2.050E-05  8.299E-01 
 4.580E-08  2.049E-05  8.278E-01 
 4.590E-08  2.049E-05  8.258E-01 
 4.600E-08  2.048E-05  8.237E-01 
 4.610E-08  2.048E-05  8.217E-01 
 4.620E-08  2.047E-05  8.196E-01 
 4.630E-08  2.047E-05  8.176E-01 
 4.640E-08  2.046E-05  8.156E-01 
 4.650E-08  2.046E-05  8.135E-01 
 4.660E-08  2.045E-05  8.115E-01 
 4.670E-08  2.045E-05  8.094E-01 
 4.680E-08  2.044E-05  8.074E-01 
 4.690E-08  2.044E-05  8.053E-01 
 4.700E-08  2.043E-05  8.033E-01 
 4.710E-08  2.043E-05  8.012E-01 
 4.720E-08  2.042E-05  7.992E-01 
 4.730E-08  2.042E-05  7.971E-01 
 4.740E-08  2.041E-05  7.951E-01 
 4.750E-08  2.041E-05  7.930E-01 
 4.760E-08  2.040E-05  7.910E-01 
 4.770E-08  2.040E-05  7.889E-01 
 4.780E-08  2.039E-05  7.869E-01 
 4.790E-08  2.039E-05  7.848E-01 
 4.800E-08  2.038E-05  7.828E-01 
 4.810E-08  2.038E-05  7.808E-01 
 4.820E-08  2.037E-05  7.787E-01 
 4.830E-08  2.037E-05  7.767E-01 
 4.840E-08  2.036E-05  7.746E-01 
 4.850E-08  2.036E-05  7.726E-01 
 4.860E-08  2.035E-05  7.705E-01 
 4.870E-08  2.035E-05  7.685E-01 
 4.880E-08  2.035E-05  7.664E-01 
 4.890E-08  2.034E-05  7.644E-01 
 4.900E-08  2.034E-05  7.623E-01 
 4.910E-08  2.033E-05  7.603E-01 
 4.920E-08  2.033E-05  7.582E-01 
 4.930E-08  2.032E-05  7.562E-01 
 4.940E-08  2.032E-05  7.541E-01 
 4.950E-08  2.031E-05  7.521E-01 
 4.960E-08  2.031E-05  7.500E-01 
 4.970E-08  2.030E-05  7.480E-01 
 4.980E-08  2.030E-05  7.460E-01 
 4.990E-08  2.029E-05  7.439E-01 
 5.000E-08  2.029E-05  7.419E-01 
 5.010E-08  2.028E-05  7.399E-01 
 5.020E-08  2.027E-05  7.379E-01 
 5.030E-08  2.027E-05  7.359E-01 
 5.040E-08  2.026E-05  7.338E-01 
 5.050E-08  2.025E-05  7.318E-01 
 5.060E-08  2.025E-05  7.298E-01 
 5.070E-08  2.024E-05  7.278E-01 
 5.080E-08  2.023E-05  7.258E-01 
 5.090E-08  2.022E-05  7.238E-01 
 5.100E-08  2.022E-05  7.218E-01 
 5.110E-08  2.021E-05  7.198E-01 
 5.120E-08  2.020E-05  7.178E-01 
 5.130E-08  2.020E-05  7.158E-01 
 5.140E-08  2.019E-05  7.138E-01 
 5.150E-08  2.018E-05  7.118E-01 
 5.160E-08  2.018E-05  7.098E-01 
 5.170E-08  2.017E-05  7.078E-01 
 5.180E-08  2.016E-05  7.058E-01 
 5.190E-08  2.016E-05  7.038E-01 
 5.200E-08  2.015E-05  7.018E-01 
 5.210E-08  2.014E-05  6.998E-01 
 5.220E-08  2.014E-05  6.978E-01 
 5.230E-08  2.013E-05  6.958E-01 
 5.240E-08  2.012E-05  6.938E-01 
 5.250E-08  2.011E-05  6.918E-01 
 5.260E-08  2.011E-05  6.898E-01 
 5.270E-08  2.010E-05  6.878E-01 
 5.280E-08  2.009E-05  6.858E-01 
 5.290E-08  2.009E-05  6.838E-01 
 5.300E-08  2.008E-05  6.818E-01 
 5.310E-08  2.007E-05  6.798E-01 
 5.320E-08  2.007E-05  6.778E-01 
 5.330E-08  2.006E-05  6.758E-01 
 5.340E-08  2.005E-05  6.738E-01 
 5.350E-08  2.005E-05  6.718E-01 
 5.360E-08  2.004E-05  6.698E-01 
 5.370E-08  2.003E-05  6.678E-01 
 5.380E-08  2.003E-05  6.658E-01 
 5.390E-08  2.002E-05  6.637E-01 
 5.400E-08  2.001E-05  6.617E-01 
 5.410E-08  2.000E-05  6.597E-01 
 5.420E-08  2.000E-05  6.577E-01 
 5.430E-08  1.999E-05  6.557E-01 
 5.440E-08  1.998E-05  6.537E-01 
 5.450E-08  1.998E-05  6.517E-01 
 5.460E-08  1.997E-05  6.497E-01 
 5.470E-08  1.996E-05  6.477E-01 
 5.480E-08  1.996E-05  6.457E-01 
 5.490E-08  1.995E-05  6.437E-01 
 5.500E-08  1.994E-05  6.417E-01 
 5.510E-08  1.994E-05  6.397E-01 
 5.520E-08  1.993E-05  6.377E-01 
 5.530E-08  1.992E-05  6.357E-01 
 5.540E-08  1.992E-05  6.337E-01 
 5.550E-08  1.991E-05  6.317E-01 
 5.560E-08  1.990E-05  6.297E-01 
 5.570E-08  1.989E-05  6.277E-01 
 5.580E-08  1.989E-05  6.257E-01 
 5.590E-08  1.988E-05  6.237E-01 
 5.600E-08  1.987E-05  6.217E-01 
 5.610E-08  1.987E-05  6.197E-01 
 5.620E-08  1.986E-05  6.177E-01 
 5.630E-08  1.985E-05  6.157E-01 
 5.640E-08  1.985E-05  6.137E-01 
 5.650E-08  1.984E-05  6.117E-01 
 5.660E-08  1.983E-05  6.097E-01 
 5.670E-08  1.983E-05  6.077E-01 
 5.680E-08  1.982E-05  6.057E-01 
 5.690E-08  1.981E-05  6.037E-01 
 5.700E-08  1.981E-05  6.017E-01 
 5.710E-08  1.980E-05  5.997E-01 
 5.720E-08  1.979E-05  5.977E-01 
 5.730E-08  1.978E-05  5.957E-01 
 5.740E-08  1.978E-05  5.936E-01 
 5.750E-08  1.977E-05  5.916E-01 
 5.760E-08  1.976E-05  5.897E-01 
 5.770E-08  1.975E-05  5.878E-01 
 5.780E-08  1.974E-05  5.858E-01 
 5.790E-08  1.973E-05  5.839E-01 
 5.800E-08  1.972E-05  5.820E-01 
 5.810E-08  1.971E-05  5.800E-01 
 5.820E-08  1.970E-05  5.781E-01 
 5.830E-08  1.969E-05  5.762E-01 
 5.840E-08  1.967E-05  5.742E-01 
 5.850E-08  1.966E-05  5.723E-01 
 5.860E-08  1.965E-05  5.703E-01 
 5.870E-08  1.964E-05  5.684E-01 
 5.880E-08  1.963E-05  5.665E-01 
 5.890E-08  1.962E-05  5.645E-01 
 5.900E-08  1.961E-05  5.626E-01 
 5.910E-08  1.960E-05  5.607E-01 
 5.920E-08  1.959E-05  5.587E-01 
 5.930E-08  1.958E-05  5.568E-01 
 5.940E-08  1.957E-05  5.548E-01 
 5.950E-08  1.956E-05  5.529E-01 
 5.960E-08  1.955E-05  5.510E-01 
 5.970E-08  1.954E-05  5.490E-01 
 5.980E-08  1.952E-05  5.471E-01 
 5.990E-08  1.951E-05  5.452E-01 
 6.000E-08  1.950E-05  5.432E-01 
 6.010E-08  1.949E-05  5.413E-01 
 6.020E-08  1.948E-05  5.393E-01 
 6.030E-08  1.947E-05  5.374E-01 
 6.040E-08  1.946E-05  5.355E-01 
 6.050E-08  1.945E-05  5.335E-01 
 6.060E-08  1.944E-05  5.316E-01 
 6.070E-08  1.943E-05  5.297E-01 
 6.080E-08  1.942E-05  5.277E-01 
 6.090E-08  1.941E-05  5.258E-01 
 6.100E-08  1.940E-05  5.239E-01 
 6.110E-08  1.939E-05  5.219E-01 
 6.120E-08  1.937E-05  5.200E-01 
 6.130E-08  1.936E-05  5.180E-01 
 6.140E-08  1.935E-05  5.161E-01 
 6.150E-08  1.934E-05  5.142E-01 
 6.160E-08  1.933E-05  5.122E-01 
 6.170E-08  1.932E-05  5.103E-01 
 6.180E-08  1.931E-05  5.084E-01 
 6.190E-08  1.930E-05  5.064E-01 
 6.200E-08  1.929E-05  5.045E-01 
 6.210E-08  1.928E-05  5.025E-01 
 6.220E-08  1.927E-05  5.006E-01 
 6.230E-08  1.926E-05  4.987E-01 
 6.240E-08  1.925E-05  4.967E-01 
 6.250E-08  1.923E-05  4.948E-01 
 6.260E-08  1.922E-05  4.929E-01 
 6.270E-08  1.921E-05  4.909E-01 
 6.280E-08  1.920E-05  4.890E-01 
 6.290E-08  1.919E-05  4.871E-01 
 6.300E-08  1.918E-05  4.851E-01 
 6.310E-08  1.917E-05  4.832E-01 
 6.320E-08  1.916E-05  4.812E-01 
 6.330E-08  1.915E-05  4.793E-01 
 6.340E-08  1.914E-05  4.774E-01 
 6.350E-08  1.913E-05  4.754E-01 
 6.360E-08  1.912E-05  4.735E-01 
 6.370E-08  1.911E-05  4.716E-01 
 6.380E-08  1.910E-05  4.696E-01 
 6.390E-08  1.908E-05  4.677E-01 
 6.400E-08  1.907E-05  4.657E-01 
 6.410E-08  1.906E-05  4.638E-01 
 6.420E-08  1.905E-05  4.619E-01 
 6.430E-08  1.904E-05  4.599E-01 
 6.440E-08  1.903E-05  4.580E-01 
 6.450E-08  1.902E-05  4.561E-01 
 6.460E-08  1.901E-05  4.541E-01 
 6.470E-08  1.900E-05  4.522E-01 
 6.480E-08  1.899E-05  4.503E-01 
 6.490E-08  1.898E-05  4.483E-01 
 6.500E-08  1.897E-05  4.464E-01 
 6.510E-08  1.895E-05  4.446E-01 
 6.520E-08  1.893E-05  4.427E-01 
 6.530E-08  1.891E-05  4.409E-01 
 6.540E-08  1.889E-05  4.391E-01 
 6.550E-08  1.887E-05  4.373E-01 
 6.560E-08  1.885E-05  4.354E-01 
 6.570E-08  1.883E-05  4.336E-01 
 6.580E-08  1.881E-05  4.318E-01 
 6.590E-08  1.879E-05  4.300E-01 
 6.600E-08  1.877E-05  4.281E-01 
 6.610E-08  1.875E-05  4.263E-01 
 6.620E-08  1.873E-05  4.245E-01 
 6.630E-08  1.871E-05  4.227E-01 
 6.640E-08  1.869E-05  4.208E-01 
 6.650E-08  1.867E-05  4.190E-01 
 6.660E-08  1.865E-05  4.172E-01 
 6.670E-08  1.863E-05  4.154E-01 
 6.680E-08  1.862E-05  4.136E-01 
 6.690E-08  1.860E-05  4.117E-01 
 6.700E-08  1.858E-05  4.099E-01 
 6.710E-08  1.856E-05  4.081E-01 
 6.720E-08  1.854E-05  4.063E-01 
 6.730E-08  1.852E-05  4.044E-01 
 6.740E-08  1.850E-05  4.026E-01 
 6.750E-08  1.848E-05  4.008E-01 
 6.760E-08  1.846E-05  3.990E-01 
 6.770E-08  1.844E-05  3.971E-01 
 6.780E-08  1.842E-05  3.953E-01 
 6.790E-08  1.840E-05  3.935E-01 
 6.800E-08  1.838E-05  3.917E-01 
 6.810E-08  1.836E-05  3.898E-01 
 6.820E-08  1.834E-05  3.880E-01 
 6.830E-08  1.832E-05  3.862E-01 
 6.840E-08  1.830E-05  3.844E-01 
 6.850E-08  1.828E-05  3.826E-01 
 6.860E-08  1.826E-05  3.807E-01 
 6.870E-08  1.824E-05  3.789E-01 
 6.880E-08  1.822E-05  3.771E-01 
 6.890E-08  1.821E-05  3.753E-01 
 6.900E-08  1.819E-05  3.734E-01 
 6.910E-08  1.817E-05  3.716E-01 
 6.920E-08  1.815E-05  3.698E-01 
 6.930E-08  1.813E-05  3.680E-01 
 6.940E-08  1.811E-05  3.661E-01 
 6.950E-08  1.809E-05  3.643E-01 
 6.960E-08  1.807E-05  3.625E-01 
 6.970E-08  1.805E-05  3.607E-01 
 6.980E-08  1.803E-05  3.588E-01 
 6.990E-08  1.801E-05  3.570E-01 
 7.000E-08  1.799E-05  3.552E-01 
 7.010E-08  1.797E-05  3.534E-01 
 7.020E-08  1.795E-05  3.516E-01 
 7.030E-08  1.793E-05  3.497E-01 
 7.040E-08  1.791E-05  3.479E-01 
 7.050E-08  1.789E-05  3.461E-01 
 7.060E-08  1.787E-05  3.443E-01 
 7.070E-08  1.785E-05  3.424E-01 
 7.080E-08  1.783E-05  3.406E-01 
 7.090E-08  1.781E-05  3.388E-01 
 7.100E-08  1.780E-05  3.370E-01 
 7.110E-08  1.778E-05  3.351E-01 
 7.120E-08  1.776E-05  3.333E-01 
 7.130E-08  1.774E-05  3.315E-01 
 7.140E-08  1.772E-05  3.297E-01 
 7.150E-08  1.770E-05  3.278E-01 
 7.160E-08  1.768E-05  3.260E-01 
 7.170E-08  1.766E-05  3.242E-01 
 7.180E-08  1.764E-05  3.224E-01 
 7.190E-08  1.762E-05  3.206E-01 
 7.200E-08  1.760E-05  3.187E-01 
 7.210E-08  1.758E-05  3.169E-01 
 7.220E-08  1.756E-05  3.151E-01 
 7.230E-08  1.754E-05  3.133E-01 
 7.240E-08  1.752E-05  3.114E-01 
 7.250E-08  1.750E-05  3.096E-01 
 7.260E-08  1.746E-05  3.080E-01 
 7.270E-08  1.742E-05  3.064E-01 
 7.280E-08  1.737E-05  3.048E-01 
 7.290E-08  1.733E-05  3.032E-01 
 7.300E-08  1.729E-05  3.017E-01 
 7.310E-08  1.725E-05  3.001E-01 
 7.320E-08  1.721E-05  2.985E-01 
 7.330E-08  1.716E-05  2.969E-01 
 7.340E-08  1.712E-05  2.953E-01 
 7.350E-08  1.708E-05  2.937E-01 
 7.360E-08  1.704E-05  2.921E-01 
 7.370E-08  1.699E-05  2.905E-01 
 7.380E-08  1.695E-05  2.889E-01 
 7.390E-08  1.691E-05  2.873E-01 
 7.400E-08  1.687E-05  2.857E-01 
 7.410E-08  1.682E-05  2.841E-01 
 7.420E-08  1.678E-05  2.826E-01 
 7.430E-08  1.674E-05  2.810E-01 
 7.440E-08  1.670E-05  2.794E-01 
 7.450E-08  1.665E-05  2.778E-01 
 7.460E-08  1.661E-05  2.762E-01 
 7.470E-08  1.657E-05  2.746E-01 
 7.480E-08  1.653E-05  2.730E-01 
 7.490E-08  1.648E-05  2.714E-01 
 7.500E-08  1.644E-05  2.698E-01 
 7.510E-08  1.640E-05  2.682E-01 
 7.520E-08  1.636E-05  2.666E-01 
 7.530E-08  1.632E-05  2.650E-01 
 7.540E-08  1.627E-05  2.634E-01 
 7.550E-08  1.623E-05  2.619E-01 
 7.560E-08  1.619E-05  2.603E-01 
 7.570E-08  1.615E-05  2.587E-01 
 7.580E-08  1.610E-05  2.571E-01 
 7.590E-08  1.606E-05  2.555E-01 
 7.600E-08  1.602E-05  2.539E-01 
 7.610E-08  1.598E-05  2.523E-01 
 7.620E-08  1.593E-05  2.507E-01 
 7.630E-08  1.589E-05  2.491E-01 
 7.640E-08  1.585E-05  2.475E-01 
 7.650E-08  1.581E-05  2.459E-01 
 7.660E-08  1.576E-05  2.443E-01 
 7.670E-08  1.572E-05  2.427E-01 
 7.680E-08  1.568E-05  2.412E-01 
 7.690E-08  1.564E-05  2.396E-01 
 7.700E-08  1.560E-05  2.380E-01 
 7.710E-08  1.555E-05  2.364E-01 
 7.720E-08  1.551E-05  2.348E-01 
 7.730E-08  1.547E-05  2.332E-01 
 7.740E-08  1.543E-05  2.316E-01 
 7.750E-08  1.538E-05  2.300E-01 
 7.760E-08  1.534E-05  2.284E-01 
 7.770E-08  1.530E-05  2.268E-01 
 7.780E-08  1.526E-05  2.252E-01 
 7.790E-08  1.521E-05  2.236E-01 
 7.800E-08  1.517E-05  2.221E-01 
 7.810E-08  1.513E-05  2.205E-01 
 7.820E-08  1.509E-05  2.189E-01 
 7.830E-08  1.504E-05  2.173E-01 
 7.840E-08  1.500E-05  2.157E-01 
 7.850E-08  1.496E-05  2.141E-01 
 7.860E-08  1.492E-05  2.125E-01 
 7.870E-08  1.488E-05  2.109E-01 
 7.880E-08  1.483E-05  2.093E-01 
 7.890E-08  1.479E-05  2.077E-01 
 7.900E-08  1.475E-05  2.061E-01 
 7.910E-08  1.471E-05  2.045E-01 
 7.920E-08  1.466E-05  2.029E-01 
 7.930E-08  1.462E-05  2.014E-01 
 7.940E-08  1.458E-05  1.998E-01 
 7.950E-08  1.454E-05  1.982E-01 
 7.960E-08  1.449E-05  1.966E-01 
 7.970E-08  1.445E-05  1.950E-01 
 7.980E-08  1.441E-05  1.934E-01 
 7.990E-08  1.437E-05  1.918E-01 
 8.000E-08  1.432E-05  1.902E-01 
 8.010E-08  1.426E-05  1.889E-01 
 8.020E-08  1.421E-05  1.876E-01 
 8.030E-08  1.415E-05  1.863E-01 
 8.040E-08  1.409E-05  1.850E-01 
 8.050E-08  1.403E-05  1.837E-01 
 8.060E-08  1.397E-05  1.824E-01 
 8.070E-08  1.391E-05  1.812E-01 
 8.080E-08  1.385E-05  1.799E-01 
 8.090E-08  1.379E-05  1.786E-01 
 8.100E-08  1.373E-05  1.773E-01 
 8.110E-08  1.367E-05  1.760E-01 
 8.120E-08  1.361E-05  1.747E-01 
 8.130E-08  1.355E-05  1.734E-01 
 8.140E-08  1.349E-05  1.721E-01 
 8.150E-08  1.344E-05  1.708E-01 
 8.160E-08  1.338E-05  1.695E-01 
 8.170E-08  1.332E-05  1.682E-01 
 8.180E-08  1.326E-05  1.669E-01 
 8.190E-08  1.320E-05  1.656E-01 
 8.200E-08  1.314E-05  1.643E-01 
 8.210E-08  1.308E-05  1.630E-01 
 8.220E-08  1.302E-05  1.617E-01 
 8.230E-08  1.296E-05  1.605E-01 
 8.240E-08  1.290E-05  1.592E-01 
 8.250E-08  1.284E-05  1.579E-01 
 8.260E-08  1.277E-05  1.567E-01 
 8.270E-08  1.270E-05  1.554E-01 
 8.280E-08  1.264E-05  1.542E-01 
 8.290E-08  1.257E-05  1.530E-01 
 8.300E-08  1.250E-05  1.517E-01 
 8.310E-08  1.243E-05  1.505E-01 
 8.320E-08  1.237E-05  1.493E-01 
 8.330E-08  1.230E-05  1.481E-01 
 8.340E-08  1.223E-05  1.468E-01 
 8.350E-08  1.217E-05  1.456E-01 
 8.360E-08  1.210E-05  1.444E-01 
 8.370E-08  1.203E-05  1.431E-01 
 8.380E-08  1.196E-05  1.419E-01 
 8.390E-08  1.190E-05  1.407E-01 
 8.400E-08  1.183E-05  1.394E-01 
 8.410E-08  1.176E-05  1.382E-01 
 8.420E-08  1.169E-05  1.370E-01 
 8.430E-08  1.163E-05  1.360E-01 
 8.440E-08  1.156E-05  1.350E-01 
 8.450E-08  1.149E-05  1.341E-01 
 8.460E-08  1.143E-05  1.331E-01 
 8.470E-08  1.136E-05  1.321E-01 
 8.480E-08  1.129E-05  1.311E-01 
 8.490E-08  1.122E-05  1.301E-01 
 8.500E-08  1.116E-05  1.291E-01 
 8.510E-08  1.109E-05  1.282E-01 
 8.520E-08  1.102E-05  1.272E-01 
 8.530E-08  1.095E-05  1.262E-01 
 8.540E-08  1.089E-05  1.252E-01 
 8.550E-08  1.082E-05  1.242E-01 
 8.560E-08  1.075E-05  1.233E-01 
 8.570E-08  1.068E-05  1.223E-01 
 8.580E-08  1.062E-05  1.213E-01 
 8.590E-08  1.055E-05  1.203E-01 
 8.600E-08  1.048E-05  1.193E-01 
 8.610E-08  1.042E-05  1.184E-01 
 8.620E-08  1.035E-05  1.174E-01 
 8.630E-08  1.028E-05  1.164E-01 
 8.640E-08  1.021E-05  1.154E-01 
 8.650E-08  1.015E-05  1.144E-01 
 8.660E-08  1.008E-05  1.134E-01 
 8.670E-08  1.001E-05  1.125E-01 
 8.680E-08  9.944E-06  1.115E-01 
 8.690E-08  9.876E-06  1.105E-01 
 8.700E-08  9.809E-06  1.095E-01 
 8.710E-08  9.742E-06  1.085E-01 
 8.720E-08  9.674E-06  1.076E-01 
 8.730E-08  9.607E-06  1.066E-01 
 8.740E-08  9.539E-06  1.056E-01 
 8.750E-08  9.472E-06  1.046E-01 
 8.760E-08  9.405E-06  1.036E-01 
 8.770E-08  9.337E-06  1.027E-01 
 8.780E-08  9.270E-06  1.017E-01 
 8.790E-08  9.203E-06  1.007E-01 
 8.800E-08  9.135E-06  9.971E-02 
 8.810E-08  9.068E-06  9.873E-02 
 8.820E-08  9.001E-06  9.774E-02 
 8.830E-08  8.933E-06  9.676E-02 
 8.840E-08  8.866E-06  9.578E-02 
 8.850E-08  8.799E-06  9.480E-02 
 8.860E-08  8.731E-06  9.382E-02 
 8.870E-08  8.664E-06  9.284E-02 
 8.880E-08  8.596E-06  9.186E-02 
 8.890E-08  8.529E-06  9.088E-02 
 8.900E-08  8.462E-06  8.989E-02 
 8.910E-08  8.394E-06  8.891E-02 
 8.920E-08  8.327E-06  8.793E-02 
 8.930E-08  8.260E-06  8.695E-02 
 8.940E-08  8.192E-06  8.597E-02 
 8.950E-08  8.125E-06  8.499E-02 
 8.960E-08  8.058E-06  8.401E-02 
 8.970E-08  7.990E-06  8.302E-02 
 8.980E-08  7.923E-06  8.204E-02 
 8.990E-08  7.867E-06  8.140E-02 
 9.000E-08  7.812E-06  8.077E-02 
 9.010E-08  7.758E-06  8.015E-02 
 9.020E-08  7.703E-06  7.952E-02 
 9.030E-08  7.648E-06  7.889E-02 
 9.040E-08  7.593E-06  7.826E-02 
 9.050E-08  7.538E-06  7.764E-02 
 9.060E-08  7.483E-06  7.701E-02 
 9.070E-08  7.428E-06  7.638E-02 
 9.080E-08  7.373E-06  7.575E-02 
 9.090E-08  7.318E-06  7.512E-02 
 9.100E-08  7.263E-06  7.450E-02 
 9.110E-08  7.208E-06  7.387E-02 
 9.120E-08  7.153E-06  7.324E-02 
 9.130E-08  7.098E-06  7.261E-02 
 9.140E-08  7.043E-06  7.199E-02 
 9.150E-08  6.988E-06  7.136E-02 
 9.160E-08  6.933E-06  7.073E-02 
 9.170E-08  6.878E-06  7.010E-02 
 9.180E-08  6.823E-06  6.947E-02 
 9.190E-08  6.768E-06  6.885E-02 
 9.200E-08  6.713E-06  6.822E-02 
 9.210E-08  6.658E-06  6.759E-02 
 9.220E-08  6.604E-06  6.696E-02 
 9.230E-08  6.549E-06  6.634E-02 
 9.240E-08  6.494E-06  6.571E-02 
 9.250E-08  6.439E-06  6.508E-02 
 9.260E-08  6.384E-06  6.445E-02 
 9.270E-08  6.329E-06  6.382E-02 
 9.280E-08  6.274E-06  6.320E-02 
 9.290E-08  6.219E-06  6.257E-02 
 9.300E-08  6.164E-06  6.194E-02 
 9.310E-08  6.109E-06  6.131E-02 
 9.320E-08  6.054E-06  6.069E-02 
 9.330E-08  5.999E-06  6.006E-02 
 9.340E-08  5.944E-06  5.943E-02 
 9.350E-08  5.889E-06  5.880E-02 
 9.360E-08  5.834E-06  5.818E-02 
 9.370E-08  5.779E-06  5.755E-02 
 9.380E-08  5.724E-06  5.692E-02 
 9.390E-08  5.669E-06  5.629E-02 
 9.400E-08  5.614E-06  5.566E-02 
 9.410E-08  5.559E-06  5.504E-02 
 9.420E-08  5.505E-06  5.441E-02 
 9.430E-08  5.450E-06  5.378E-02 
 9.440E-08  5.395E-06  5.315E-02 
 9.450E-08  5.340E-06  5.253E-02 
 9.460E-08  5.285E-06  5.190E-02 
 9.470E-08  5.230E-06  5.127E-02 
 9.480E-08  5.175E-06  5.064E-02 
 9.490E-08  5.120E-06  5.001E-02 
 9.500E-08  5.065E-06  4.939E-02 
 9.510E-08  5.010E-06  4.876E-02 
 9.520E-08  4.955E-06  4.813E-02 
 9.530E-08  4.900E-06  4.750E-02 
 9.540E-08  4.845E-06  4.688E-02 
 9.550E-08  4.790E-06  4.625E-02 
 9.560E-08  4.735E-06  4.562E-02 
 9.570E-08  4.680E-06  4.499E-02 
 9.580E-08  4.625E-06  4.436E-02 
 9.590E-08  4.570E-06  4.374E-02 
 9.600E-08  4.525E-06  4.325E-02 
 9.610E-08  4.491E-06  4.291E-02 
 9.620E-08  4.457E-06  4.257E-02 
 9.630E-08  4.423E-06  4.224E-02 
 9.640E-08  4.389E-06  4.190E-02 
 9.650E-08  4.355E-06  4.156E-02 
 9.660E-08  4.321E-06  4.123E-02 
 9.670E-08  4.287E-06  4.089E-02 
 9.680E-08  4.253E-06  4.055E-02 
 9.690E-08  4.219E-06  4.022E-02 
 9.700E-08  4.185E-06  3.988E-02 
 9.710E-08  4.151E-06  3.954E-02 
 9.720E-08  4.117E-06  3.921E-02 
 9.730E-08  4.083E-06  3.887E-02 
 9.740E-08  4.049E-06  3.853E-02 
 9.750E-08  4.015E-06  3.820E-02 
 9.760E-08  3.981E-06  3.786E-02 
 9.770E-08  3.947E-06  3.752E-02 
 9.780E-08  3.913E-06  3.719E-02 
 9.790E-08  3.879E-06  3.685E-02 
 9.800E-08  3.845E-06  3.652E-02 
 9.810E-08  3.811E-06  3.618E-02 
 9.820E-08  3.777E-06  3.584E-02 
 9.830E-08  3.743E-06  3.551E-02 
 9.840E-08  3.709E-06  3.517E-02 
 9.850E-08  3.675E-06  3.483E-02 
 9.860E-08  3.641E-06  3.450E-02 
 9.870E-08  3.607E-06  3.416E-02 
 9.880E-08  3.573E-06  3.382E-02 
 9.890E-08  3.538E-06  3.349E-02 
 9.900E-08  3.504E-06  3.315E-02 
 9.910E-08  3.470E-06  3.281E-02 
 9.920E-08  3.436E-06  3.248E-02 
 9.930E-08  3.402E-06  3.214E-02 
 9.940E-08  3.368E-06  3.180E-02 
 9.950E-08  3.334E-06  3.147E-02 
 9.960E-08  3.300E-06  3.113E-02 
 9.970E-08  3.266E-06  3.079E-02 
 9.980E-08  3.232E-06  3.046E-02 
 9.990E-08  3.198E-06  3.012E-02 
 1.000E-07  3.164E-06  2.978E-02 
 1.001E-07  3.130E-06  2.945E-02 
 1.002E-07  3.096E-06  2.911E-02 
 1.003E-07  3.062E-06  2.877E-02 
 1.004E-07  3.028E-06  2.844E-02 
 1.005E-07  2.994E-06  2.810E-02 
 1.006E-07  2.960E-06  2.777E-02 
 1.007E-07  2.926E-06  2.743E-02 
 1.008E-07  2.892E-06  2.709E-02 
 1.009E-07  2.858E-06  2.676E-02 
 1.010E-07  2.824E-06  2.642E-02 
 1.011E-07  2.790E-06  2.608E-02 
 1.012E-07  2.756E-06  2.575E-02 
 1.013E-07  2.722E-06  2.541E-02 
 1.014E-07  2.688E-06  2.507E-02 
 1.015E-07  2.654E-06  2.474E-02 
 1.016E-07  2.620E-06  2.440E-02 
 1.017E-07  2.586E-06  2.406E-02 
 1.018E-07  2.552E-06  2.373E-02 
 1.019E-07  2.518E-06  2.339E-02 
 1.020E-07  2.484E-06  2.305E-02 
 1.021E-07  2.450E-06  2.272E-02 
 1.022E-07  2.416E-06  2.238E-02 
 1.023E-07  2.382E-06  2.204E-02 
 1.024E-07  2.348E-06  2.171E-02 
 1.025E-07  2.314E-06  2.137E-02 
 1.026E-07  2.280E-06  2.103E-02 
 1.027E-07  2.246E-06  2.070E-02 
 1.028E-07  2.211E-06  2.036E-02 
 1.029E-07  2.177E-06  2.002E-02 
 1.030E-07  2.143E-06  1.969E-02 
 1.031E-07  2.109E-06  1.935E-02 
 1.032E-07  2.075E-06  1.902E-02 
 1.033E-07  2.041E-06  1.868E-02 
 1.034E-07  2.007E-06  1.834E-02 
 1.035E-07  1.982E-06  1.809E-02 
 1.036E-07  1.966E-06  1.795E-02 
 1.037E-07  1.950E-06  1.780E-02 
 1.038E-07  1.934E-06  1.765E-02 
 1.039E-07  1.918E-06  1.750E-02 
 1.040E-07  1.902E-06  1.735E-02 
 1.041E-07  1.886E-06  1.721E-02 
 1.042E-07  1.870E-06  1.706E-02 
 1.043E-07  1.854E-06  1.691E-02 
 1.044E-07  1.838E-06  1.676E-02 
 1.045E-07  1.822E-06  1.661E-02 
 1.046E-07  1.806E-06  1.647E-02 
 1.047E-07  1.791E-06  1.632E-02 
 1.048E-07  1.775E-06  1.617E-02 
 1.049E-07  1.759E-06  1.602E-02 
 1.050E-07  1.743E-06  1.588E-02 
 1.051E-07  1.727E-06  1.573E-02 
 1.052E-07  1.711E-06  1.558E-02 
 1.053E-07  1.695E-06  1.543E-02 
 1.054E-07  1.679E-06  1.528E-02 
 1.055E-07  1.663E-06  1.514E-02 
 1.056E-07  1.647E-06  1.499E-02 
 1.057E-07  1.631E-06  1.484E-02 
 1.058E-07  1.615E-06  1.469E-02 
 1.059E-07  1.599E-06  1.454E-02 
 1.060E-07  1.583E-06  1.440E-02 
 1.061E-07  1.567E-06  1.425E-02 
 1.062E-07  1.551E-06  1.410E-02 
 1.063E-07  1.536E-06  1.395E-02 
 1.064E-07  1.520E-06  1.380E-02 
 1.065E-07  1.504E-06  1.366E-02 
 1.066E-07  1.488E-06  1.351E-02 
 1.067E-07  1.472E-06  1.336E-02 
 1.068E-07  1.456E-06  1.321E-02 
 1.069E-07  1.440E-06  1.306E-02 
 1.070E-07  1.424E-06  1.292E-02 
 1.071E-07  1.408E-06  1.277E-02 
 1.072E-07  1.392E-06  1.262E-02 
 1.073E-07  1.376E-06  1.247E-02 
 1.074E-07  1.360E-06  1.232E-02 
 1.075E-07  1.344E-06  1.218E-02 
 1.076E-07  1.328E-06  1.203E-02 
 1.077E-07  1.312E-06  1.188E-02 
 1.078E-07  1.296E-06  1.173E-02 
 1.079E-07  1.280E-06  1.159E-02 
 1.080E-07  1.265E-06  1.144E-02 
 1.081E-07  1.249E-06  1.129E-02 
 1.082E-07  1.233E-06  1.114E-02 
 1.083E-07  1.217E-06  1.099E-02 
 1.084E-07  1.201E-06  1.085E-02 
 1.085E-07  1.185E-06  1.070E-02 
 1.086E-07  1.169E-06  1.055E-02 
 1.087E-07  1.153E-06  1.040E-02 
 1.088E-07  1.137E-06  1.025E-02 
 1.089E-07  1.121E-06  1.011E-02 
 1.090E-07  1.105E-06  9.958E-03 
 1.091E-07  1.089E-06  9.810E-03 
 1.092E-07  1.073E-06  9.662E-03 
 1.093E-07  1.057E-06  9.514E-03 
 1.094E-07  1.041E-06  9.366E-03 
 1.095E-07  1.025E-06  9.218E-03 
 1.096E-07  1.010E-06  9.070E-03 
 1.097E-07  9.936E-07  8.922E-03 
 1.098E-07  9.776E-07  8.774E-03 
 1.099E-07  9.617E-07  8.626E-03 
 1.100E-07  9.458E-07  8.479E-03 
 1.101E-07  9.298E-07  8.331E-03 
 1.102E-07  9.139E-07  8.183E-03 
 1.103E-07  8.979E-07  8.035E-03 
 1.104E-07  8.820E-07  7.887E-03 
 1.105E-07  8.661E-07  7.739E-03 
 1.106E-07  8.501E-07  7.591E-03 
 1.107E-07  8.342E-07  7.443E-03 
 1.108E-07  8.183E-07  7.295E-03 
 1.109E-07  8.023E-07  7.147E-03 
 1.110E-07  7.908E-07  7.041E-03 
 1.111E-07  7.844E-07  6.983E-03 
 1.112E-07  7.779E-07  6.925E-03 
 1.113E-07  7.715E-07  6.867E-03 
 1.114E-07  7.650E-07  6.809E-03 
 1.115E-07  7.586E-07  6.751E-03 
 1.116E-07  7.521E-07  6.693E-03 
 1.117E-07  7.457E-07  6.635E-03 
 1.118E-07  7.392E-07  6.577E-03 
 1.119E-07  7.328E-07  6.519E-03 
 1.120E-07  7.263E-07  6.461E-03 
 1.121E-07  7.199E-07  6.403E-03 
 1.122E-07  7.134E-07  6.345E-03 
 1.123E-07  7.069E-07  6.287E-03 
 1.124E-07  7.005E-07  6.229E-03 
 1.125E-07  6.940E-07  6.171E-03 
 1.126E-07  6.876E-07  6.113E-03 
 1.127E-07  6.811E-07  6.055E-03 
 1.128E-07  6.747E-07  5.997E-03 
 1.129E-07  6.682E-07  5.939E-03 
 1.130E-07  6.618E-07  5.881E-03 
 1.131E-07  6.553E-07  5.823E-03 
 1.132E-07  6.489E-07  5.765E-03 
 1.133E-07  6.424E-07  5.707E-03 
 1.134E-07  6.360E-07  5.649E-03 
 1.135E-07  6.295E-07  5.591E-03 
 1.136E-07  6.231E-07  5.533E-03 
 1.137E-07  6.166E-07  5.475E-03 
 1.138E-07  6.102E-07  5.417E-03 
 1.139E-07  6.037E-07  5.359E-03 
 1.140E-07  5.973E-07  5.301E-03 
 1.141E-07  5.908E-07  5.243E-03 
 1.142E-07  5.844E-07  5.185E-03 
 1.143E-07  5.779E-07  5.127E-03 
 1.144E-07  5.714E-07  5.069E-03 
 1.145E-07  5.650E-07  5.011E-03 
 1.146E-07  5.585E-07  4.953E-03 
 1.147E-07  5.521E-07  4.895E-03 
 1.148E-07  5.456E-07  4.837E-03 
 1.149E-07  5.392E-07  4.779E-03 
 1.150E-07  5.327E-07  4.721E-03 
 1.151E-07  5.263E-07  4.663E-03 
 1.152E-07  5.198E-07  4.605E-03 
 1.153E-07  5.134E-07  4.547E-03 
 1.154E-07  5.069E-07  4.489E-03 
 1.155E-07  5.005E-07  4.431E-03 
 1.156E-07  4.940E-07  4.373E-03 
 1.157E-07  4.876E-07  4.314E-03 
 1.158E-07  4.811E-07  4.256E-03 
 1.159E-07  4.747E-07  4.198E-03 
 1.160E-07  4.682E-07  4.140E-03 
 1.161E-07  4.618E-07  4.082E-03 
 1.162E-07  4.553E-07  4.024E-03 
 1.163E-07  4.488E-07  3.966E-03 
 1.164E-07  4.424E-07  3.908E-03 
 1.165E-07  4.359E-07  3.850E-03 
 1.166E-07  4.295E-07  3.792E-03 
 1.167E-07  4.230E-07  3.734E-03 
 1.168E-07  4.166E-07  3.676E-03 
 1.169E-07  4.101E-07  3.618E-03 
 1.170E-07  4.037E-07  3.560E-03 
 1.171E-07  3.972E-07  3.502E-03 
 1.172E-07  3.908E-07  3.444E-03 
 1.173E-07  3.843E-07  3.386E-03 
 1.174E-07  3.779E-07  3.328E-03 
 1.175E-07  3.714E-07  3.270E-03 
 1.176E-07  3.650E-07  3.212E-03 
 1.177E-07  3.585E-07  3.154E-03 
 1.178E-07  3.521E-07  3.096E-03 
 1.179E-07  3.456E-07  3.038E-03 
 1.180E-07  3.392E-07  2.980E-03 
 1.181E-07  3.327E-07  2.922E-03 
 1.182E-07  3.263E-07  2.864E-03 
 1.183E-07  3.198E-07  2.806E-03 
 1.184E-07  3.133E-07  2.748E-03 
 1.185E-07  3.087E-07  2.707E-03 
 1.186E-07  3.062E-07  2.685E-03 
 1.187E-07  3.037E-07  2.662E-03 
 1.188E-07  3.012E-07  2.640E-03 
 1.189E-07  2.987E-07  2.618E-03 
 1.190E-07  2.961E-07  2.596E-03 
 1.191E-07  2.936E-07  2.574E-03 
 1.192E-07  2.911E-07  2.552E-03 
 1.193E-07  2.886E-07  2.530E-03 
 1.194E-07  2.861E-07  2.507E-03 
 1.195E-07  2.835E-07  2.485E-03 
 1.196E-07  2.810E-07  2.463E-03 
 1.197E-07  2.785E-07  2.441E-03 
 1.198E-07  2.760E-07  2.419E-03 
 1.199E-07  2.735E-07  2.397E-03 
 1.200E-07  2.710E-07  2.374E-03 
 1.201E-07  2.684E-07  2.352E-03 
 1.202E-07  2.659E-07  2.330E-03 
 1.203E-07  2.634E-07  2.308E-03 
 1.204E-07  2.609E-07  2.286E-03 
 1.205E-07  2.584E-07  2.264E-03 
 1.206E-07  2.558E-07  2.242E-03 
 1.207E-07  2.533E-07  2.219E-03 
 1.208E-07  2.508E-07  2.197E-03 
 1.209E-07  2.483E-07  2.175E-03 
 1.210E-07  2.458E-07  2.153E-03 
 1.211E-07  2.432E-07  2.131E-03 
 1.212E-07  2.407E-07  2.109E-03 
 1.213E-07  2.382E-07  2.087E-03 
 1.214E-07  2.357E-07  2.064E-03 
 1.215E-07  2.332E-07  2.042E-03 
 1.216E-07  2.306E-07  2.020E-03 
 1.217E-07  2.281E-07  1.998E-03 
 1.218E-07  2.256E-07  1.976E-03 
 1.219E-07  2.231E-07  1.954E-03 
 1.220E-07  2.206E-07  1.931E-03 
 1.221E-07  2.180E-07  1.909E-03 
 1.222E-07  2.155E-07  1.887E-03 
 1.223E-07  2.130E-07  1.865E-03 
 1.224E-07  2.105E-07  1.843E-03 
 1.225E-07  2.080E-07  1.821E-03 
 1.226E-07  2.055E-07  1.799E-03 
 1.227E-07  2.029E-07  1.776E-03 
 1.228E-07  2.004E-07  1.754E-03 
 1.229E-07  1.979E-07  1.732E-03 
 1.230E-07  1.954E-07  1.710E-03 
 1.231E-07  1.929E-07  1.688E-03 
 1.232E-07  1.903E-07  1.666E-03 
 1.233E-07  1.878E-07  1.643E-03 
 1.234E-07  1.853E-07  1.621E-03 
 1.235E-07  1.828E-07  1.599E-03 
 1.236E-07  1.803E-07  1.577E-03 
 1.237E-07  1.777E-07  1.555E-03 
 1.238E-07  1.752E-07  1.533E-03 
 1.239E-07  1.727E-07  1.511E-03 
 1.240E-07  1.702E-07  1.488E-03 
 1.241E-07  1.677E-07  1.466E-03 
 1.242E-07  1.651E-07  1.444E-03 
 1.243E-07  1.626E-07  1.422E-03 
 1.244E-07  1.601E-07  1.400E-03 
 1.245E-07  1.576E-07  1.378E-03 
 1.246E-07  1.551E-07  1.355E-03 
 1.247E-07  1.525E-07  1.333E-03 
 1.248E-07  1.500E-07  1.311E-03 
 1.249E-07  1.475E-07  1.289E-03 
 1.250E-07  1.450E-07  1.267E-03 
 1.251E-07  1.425E-07  1.245E-03 
 1.252E-07  1.400E-07  1.223E-03 
 1.253E-07  1.374E-07  1.200E-03 
 1.254E-07  1.349E-07  1.178E-03 
 1.255E-07  1.324E-07  1.156E-03 
 1.256E-07  1.299E-07  1.134E-03 
 1.257E-07  1.274E-07  1.112E-03 
 1.258E-07  1.248E-07  1.090E-03 
 1.259E-07  1.223E-07  1.067E-03 
 1.260E-07  1.205E-07  1.052E-03 
 1.261E-07  1.196E-07  1.043E-03 
 1.262E-07  1.186E-07  1.035E-03 
 1.263E-07  1.176E-07  1.026E-03 
 1.264E-07  1.166E-07  1.018E-03 
 1.265E-07  1.157E-07  1.009E-03 
 1.266E-07  1.147E-07  1.000E-03 
 1.267E-07  1.137E-07  9.919E-04 
 1.268E-07  1.127E-07  9.834E-04 
 1.269E-07  1.118E-07  9.748E-04 
 1.270E-07  1.108E-07  9.663E-04 
 1.271E-07  1.098E-07  9.577E-04 
 1.272E-07  1.089E-07  9.492E-04 
 1.273E-07  1.079E-07  9.406E-04 
 1.274E-07  1.069E-07  9.321E-04 
 1.275E-07  1.059E-07  9.236E-04 
 1.276E-07  1.050E-07  9.150E-04 
 1.277E-07  1.040E-07  9.065E-04 
 1.278E-07  1.030E-07  8.979E-04 
 1.279E-07  1.020E-07  8.894E-04 
 1.280E-07  1.011E-07  8.808E-04 
 1.281E-07  1.001E-07  8.723E-04 
 1.282E-07  9.913E-08  8.637E-04 
 1.283E-07  9.815E-08  8.552E-04 
 1.284E-07  9.718E-08  8.466E-04 
 1.285E-07  9.621E-08  8.381E-04 
 1.286E-07  9.524E-08  8.295E-04 
 1.287E-07  9.426E-08  8.210E-04 
 1.288E-07  9.329E-08  8.125E-04 
 1.289E-07  9.232E-08  8.039E-04 
 1.290E-07  9.134E-08  7.954E-04 
 1.291E-07  9.037E-08  7.868E-04 
 1.292E-07  8.940E-08  7.783E-04 
 1.293E-07  8.843E-08  7.697E-04 
 1.294E-07  8.745E-08  7.612E-04 
 1.295E-07  8.648E-08  7.526E-04 
 1.296E-07  8.551E-08  7.441E-04 
 1.297E-07  8.454E-08  7.355E-04 
 1.298E-07  8.356E-08  7.270E-04 
 1.299E-07  8.259E-08  7.184E-04 
 1.300E-07  8.162E-08  7.099E-04 
 1.301E-07  8.064E-08  7.014E-04 
 1.302E-07  7.967E-08  6.928E-04 
 1.303E-07  7.870E-08  6.843E-04 
 1.304E-07  7.773E-08  6.757E-04 
 1.305E-07  7.675E-08  6.672E-04 
 1.306E-07  7.578E-08  6.586E-04 
 1.307E-07  7.481E-08  6.501E-04 
 1.308E-07  7.383E-08  6.415E-04 
 1.309E-07  7.286E-08  6.330E-04 
 1.310E-07  7.189E-08  6.244E-04 
 1.311E-07  7.092E-08  6.159E-04 
 1.312E-07  6.994E-08  6.073E-04 
 1.313E-07  6.897E-08  5.988E-04 
 1.314E-07  6.800E-08  5.903E-04 
 1.315E-07  6.703E-08  5.817E-04 
 1.316E-07  6.605E-08  5.732E-04 
 1.317E-07  6.508E-08  5.646E-04 
 1.318E-07  6.411E-08  5.561E-04 
 1.319E-07  6.313E-08  5.475E-04 
 1.320E-07  6.216E-08  5.390E-04 
 1.321E-07  6.119E-08  5.304E-04 
 1.322E-07  6.022E-08  5.219E-04 
 1.323E-07  5.924E-08  5.133E-04 
 1.324E-07  5.827E-08  5.048E-04 
 1.325E-07  5.730E-08  4.962E-04 
 1.326E-07  5.633E-08  4.877E-04 
 1.327E-07  5.535E-08  4.792E-04 
 1.328E-07  5.438E-08  4.706E-04 
 1.329E-07  5.341E-08  4.621E-04 
 1.330E-07  5.243E-08  4.535E-04 
 1.331E-07  5.146E-08  4.450E-04 
 1.332E-07  5.049E-08  4.364E-04 
 1.333E-07  4.952E-08  4.279E-04 
 1.334E-07  4.854E-08  4.193E-04 
 1.335E-07  4.784E-08  4.132E-04 
 1.336E-07  4.745E-08  4.099E-04 
 1.337E-07  4.706E-08  4.065E-04 
 1.338E-07  4.667E-08  4.032E-04 
 1.339E-07  4.628E-08  3.998E-04 
 1.340E-07  4.588E-08  3.965E-04 
 1.341E-07  4.549E-08  3.931E-04 
 1.342E-07  4.510E-08  3.898E-04 
 1.343E-07  4.471E-08  3.865E-04 
 1.344E-07  4.432E-08  3.831E-04 
 1.345E-07  4.393E-08  3.798E-04 
 1.346E-07  4.353E-08  3.764E-04 
 1.347E-07  4.314E-08  3.731E-04 
 1.348E-07  4.275E-08  3.697E-04 
 1.349E-07  4.236E-08  3.664E-04 
 1.350E-07  4.197E-08  3.630E-04 
 1.351E-07  4.157E-08  3.597E-04 
 1.352E-07  4.118E-08  3.563E-04 
 1.353E-07  4.079E-08  3.530E-04 
 1.354E-07  4.040E-08  3.496E-04 
 1.355E-07  4.001E-08  3.463E-04 
 1.356E-07  3.962E-08  3.429E-04 
 1.357E-07  3.922E-08  3.396E-04 
 1.358E-07  3.883E-08  3.363E-04 
 1.359E-07  3.844E-08  3.329E-04 
 1.360E-07  3.805E-08  3.296E-04 
 1.361E-07  3.766E-08  3.262E-04 
 1.362E-07  3.726E-08  3.229E-04 
 1.363E-07  3.687E-08  3.195E-04 
 1.364E-07  3.648E-08  3.162E-04 
 1.365E-07  3.609E-08  3.128E-04 
 1.366E-07  3.570E-08  3.095E-04 
 1.367E-07  3.531E-08  3.061E-04 
 1.368E-07  3.491E-08  3.028E-04 
 1.369E-07  3.452E-08  2.994E-04 
 1.370E-07  3.413E-08  2.961E-04 
 1.371E-07  3.374E-08  2.927E-04 
 1.372E-07  3.335E-08  2.894E-04 
 1.373E-07  3.295E-08  2.860E-04 
 1.374E-07  3.256E-08  2.827E-04 
 1.375E-07  3.217E-08  2.794E-04 
 1.376E-07  3.178E-08  2.760E-04 
 1.377E-07  3.139E-08  2.727E-04 
 1.378E-07  3.099E-08  2.693E-04 
 1.379E-07  3.060E-08  2.660E-04 
 1.380E-07  3.021E-08  2.626E-04 
 1.381E-07  2.982E-08  2.593E-04 
 1.382E-07  2.943E-08  2.559E-04 
 1.383E-07  2.904E-08  2.526E-04 
 1.384E-07  2.864E-08  2.492E-04 
 1.385E-07  2.825E-08  2.459E-04 
 1.386E-07  2.786E-08  2.425E-04 
 1.387E-07  2.747E-08  2.392E-04 
 1.388E-07  2.708E-08  2.358E-04 
 1.389E-07  2.668E-08  2.325E-04 
 1.390E-07  2.629E-08  2.292E-04 
 1.391E-07  2.590E-08  2.258E-04 
 1.392E-07  2.551E-08  2.225E-04 
 1.393E-07  2.512E-08  2.191E-04 
 1.394E-07  2.473E-08  2.158E-04 
 1.395E-07  2.433E-08  2.124E-04 
 1.396E-07  2.394E-08  2.091E-04 
 1.397E-07  2.355E-08  2.057E-04 
 1.398E-07  2.316E-08  2.024E-04 
 1.399E-07  2.277E-08  1.990E-04 
 1.400E-07  2.237E-08  1.957E-04 
 1.401E-07  2.198E-08  1.923E-04 
 1.402E-07  2.159E-08  1.890E-04 
 1.403E-07  2.120E-08  1.856E-04 
 1.404E-07  2.081E-08  1.823E-04 
 1.405E-07  2.041E-08  1.789E-04 
 1.406E-07  2.002E-08  1.756E-04 
 1.407E-07  1.963E-08  1.723E-04 
 1.408E-07  1.924E-08  1.689E-04 
 1.409E-07  1.885E-08  1.656E-04 
 1.410E-07  1.859E-08  1.633E-04 
 1.411E-07  1.847E-08  1.623E-04 
 1.412E-07  1.836E-08  1.613E-04 
 1.413E-07  1.825E-08  1.603E-04 
 1.414E-07  1.813E-08  1.593E-04 
 1.415E-07  1.802E-08  1.582E-04 
 1.416E-07  1.791E-08  1.572E-04 
 1.417E-07  1.779E-08  1.562E-04 
 1.418E-07  1.768E-08  1.552E-04 
 1.419E-07  1.756E-08  1.542E-04 
 1.420E-07  1.745E-08  1.532E-04 
 1.421E-07  1.734E-08  1.522E-04 
 1.422E-07  1.722E-08  1.511E-04 
 1.423E-07  1.711E-08  1.501E-04 
 1.424E-07  1.700E-08  1.491E-04 
 1.425E-07  1.688E-08  1.481E-04 
 1.426E-07  1.677E-08  1.471E-04 
 1.427E-07  1.666E-08  1.461E-04 
 1.428E-07  1.654E-08  1.451E-04 
 1.429E-07  1.643E-08  1.441E-04 
 1.430E-07  1.632E-08  1.430E-04 
 1.431E-07  1.620E-08  1.420E-04 
 1.432E-07  1.609E-08  1.410E-04 
 1.433E-07  1.598E-08  1.400E-04 
 1.434E-07  1.586E-08  1.390E-04 
 1.435E-07  1.575E-08  1.380E-04 
 1.436E-07  1.563E-08  1.370E-04 
 1.437E-07  1.552E-08  1.359E-04 
 1.438E-07  1.541E-08  1.349E-04 
 1.439E-07  1.529E-08  1.339E-04 
 1.440E-07  1.518E-08  1.329E-04 
 1.441E-07  1.507E-08  1.319E-04 
 1.442E-07  1.495E-08  1.309E-04 
 1.443E-07  1.484E-08  1.299E-04 
 1.444E-07  1.473E-08  1.288E-04 
 1.445E-07  1.461E-08  1.278E-04 
 1.446E-07  1.450E-08  1.268E-04 
 1.447E-07  1.439E-08  1.258E-04 
 1.448E-07  1.427E-08  1.248E-04 
 1.449E-07  1.416E-08  1.238E-04 
 1.450E-07  1.405E-08  1.228E-04 
 1.451E-07  1.393E-08  1.217E-04 
 1.452E-07  1.382E-08  1.207E-04 
 1.453E-07  1.371E-08  1.197E-04 
 1.454E-07  1.359E-08  1.187E-04 
 1.455E-07  1.348E-08  1.177E-04 
 1.456E-07  1.336E-08  1.167E-04 
 1.457E-07  1.325E-08  1.157E-04 
 1.458E-07  1.314E-08  1.147E-04 
 1.459E-07  1.302E-08  1.136E-04 
 1.460E-07  1.291E-08  1.126E-04 
 1.461E-07  1.280E-08  1.116E-04 
 1.462E-07  1.268E-08  1.106E-04 
 1.463E-07  1.257E-08  1.096E-04 
 1.464E-07  1.246E-08  1.086E-04 
 1.465E-07  1.234E-08  1.076E-04 
 1.466E-07  1.223E-08  1.065E-04 
 1.467E-07  1.212E-08  1.055E-04 
 1.468E-07  1.200E-08  1.045E-04 
 1.469E-07  1.189E-08  1.035E-04 
 1.470E-07  1.178E-08  1.025E-04 
 1.471E-07  1.166E-08  1.015E-04 
 1.472E-07  1.155E-08  1.005E-04 
 1.473E-07  1.143E-08  9.945E-05 
 1.474E-07  1.132E-08  9.843E-05 
 1.475E-07  1.121E-08  9.742E-05 
 1.476E-07  1.109E-08  9.641E-05 
 1.477E-07  1.098E-08  9.539E-05 
 1.478E-07  1.087E-08  9.438E-05 
 1.479E-07  1.075E-08  9.337E-05 
 1.480E-07  1.064E-08  9.235E-05 
 1.481E-07  1.053E-08  9.134E-05 
 1.482E-07  1.041E-08  9.032E-05 
 1.483E-07  1.030E-08  8.931E-05 
 1.484E-07  1.019E-08  8.830E-05 
 1.485E-07  1.008E-08  8.732E-05 
 1.486E-07  9.968E-09  8.639E-05 
 1.487E-07  9.861E-09  8.546E-05 
 1.488E-07  9.754E-09  8.453E-05 
 1.489E-07  9.646E-09  8.360E-05 
 1.490E-07  9.539E-09  8.267E-05 
 1.491E-07  9.432E-09  8.174E-05 
 1.492E-07  9.324E-09  8.081E-05 
 1.493E-07  9.217E-09  7.988E-05 
 1.494E-07  9.110E-09  7.895E-05 
 1.495E-07  9.003E-09  7.802E-05 
 1.496E-07  8.895E-09  7.709E-05 
 1.497E-07  8.788E-09  7.617E-05 
 1.498E-07  8.681E-09  7.524E-05 
 1.499E-07  8.574E-09  7.431E-05 
 1.500E-07  8.466E-09  7.338E-05 
